12 12 12 24 24 24 48 48 48 64 64 64 12 12 12 24 24 24 48 48 48 64 64 64 12 12 12 24 24 24 48 48 48 64 64 64 12 12 12 24 24 24 48 48 48 64 64 64
12 12 12 24 24 24 48 48 48 64 64 64 12 12 12 24 24 24 48 48 48 64 64 64 12 12 12 24 24 24 48 48 48 64 64 64 12 12 12 24 24 24 48 48 48 64 64 64
12 12 12 24 24 24 48 48 48 64 64 64 12 12 12 24 24 24 48 48 48 64 64 64 12 12 12 24 24 24 48 48 48 64 64 64 12 12 12 24 24 24 48 48 48 64 64 64
12 12 12 24 24 24 48 48 48 64 64 64 12 12 12 24 24 24 48 48 48 64 64 64 12 12 12 24 24 24 48 48 48 64 64 64 12 12 12 24 24 24 48 48 48 64 64 64
12 12 12 24 24 24 48 48 48 64 64 64 12 12 12 24 24 24 48 48 48 64 64 64 12 12 12 24 24 24 48 48 48 64 64 64 12 12 12 24 24 24 48 48 48 64 64 64
12 12 12 24 24 24 48 48 48 64 64 64 12 12 12 24 24 24 48 48 48 64 64 64 12 12 12 24 24 24 48 48 48 64 64 64 12 12 12 24 24 24 48 48 48 64 64 64
12 12 12 24 24 24 48 48 48 64 64 64 12 12 12 24 24 24 48 48 48 64 64 64 12 12 12 24 24 24 48 48 48 64 64 64 12 12 12 24 24 24 48 48 48 64 64 64
12 12 12 24 24 24 48 48 48 64 64 64 12 12 12 24 24 24 48 48 48 64 64 64 12 12 12 24 24 24 48 48 48 64 64 64 12 12 12 24 24 24 48 48 48 64 64 64
12 12 12 24 24 24 48 48 48 64 64 64 12 12 12 24 24 24 48 48 48 64 64 64 12 12 12 24 24 24 48 48 48 64 64 64 12 12 12 24 24 24 48 48 48 64 64 64
12 12 12 24 24 24 48 48 48 64 64 64 12 12 12 24 24 24 48 48 48 64 64 64 12 12 12 24 24 24 48 48 48 64 64 64 12 12 12 24 24 24 48 48 48 64 64 64
12 12 12 24 24 24 48 48 48 64 64 64 12 12 12 24 24 24 48 48 48 64 64 64 12 12 12 24 24 24 48 48 48 64 64 64 12 12 12 24 24 24 48 48 48 64 64 64
12 12 12 24 24 24 48 48 48 64 64 64 12 12 12 24 24 24 48 48 48 64 64 64 12 12 12 24 24 24 48 48 48 64 64 64 12 12 12 24 24 24 48 48 48 64 64 64
12 12 12 24 24 24 48 48 48 64 64 64 12 12 12 24 24 24 48 48 48 64 64 64 12 12 12 24 24 24 48 48 48 64 64 64 12 12 12 24 24 24 48 48 48 64 64 64
12 12 12 24 24 24 48 48 48 64 64 64 12 12 12 24 24 24 48 48 48 64 64 64 12 12 12 24 24 24 48 48 48 64 64 64 12 12 12 24 24 24 48 48 48 64 64 64
12 12 12 24 24 24 48 48 48 64 64 64 12 12 12 24 24 24 48 48 48 64 64 64 12 12 12 24 24 24 48 48 48 64 64 64 12 12 12 24 24 24 48 48 48 64 64 64
12 12 12 24 24 24 48 48 48 64 64 64 12 12 12 24 24 24 48 48 48 64 64 64 12 12 12 24 24 24 48 48 48 64 64 64 12 12 12 24 24 24 48 48 48 64 64 64